%YAML:1.0
---
model_type: PINHOLE
camera_name: camera
image_width: 640
image_height: 400
distortion_parameters:
   k1: 0.0
   k2: 0.0
   p1: 0.0
   p2: 0.0
projection_parameters:
   fx: 402.2154541015625
   fy: 402.2154541015625
   cx: 312.42620849609375
   cy: 206.77639770507812